
### Iteration 17071
                                                                                                    1

                                                                                            1                                                             1

                                                                1
                                                                                                                            1
                                  1                                   1

                                                                                                                                                                                    1
                                                                                                          1
                                                                          1
                                                1                                                                                                                                                   1 1
                                            1           1                                                                                                                             1

                                                                                      1                                                                                       1
                                                                                      1                 1

                                                                            1                                         1                         1
                                                                                                                                                    1
                                                                                                1                           1
                                                      1
                    1                                                                       1                                                                                             1   1       1
                                            1                                                                                         1
                                                                                                                                            1
                                                                                                1
                                            1           1
                                                                                                                  1
      1                                                                                                     1                                                                         1
                                                                        1                 1
                                              1             1                                                                 1
                                                                                      1
                                                    1
                                                                                                  1           1 1                                       1 1
                  1
                        1                           1
                                                                                                  1   1   1
                            1                                                                                         1             1

                                                                                                      1
                                                                                                                                                                                                      1
        1                                                     1                                                                                                                 1                 1
                                                                                                                                                                                              1
                                                                        1                     1 1 1 1 1 1 1 1 1 1 1 1 1 1 1 1 1 1 1 1 1 1 1 1 1 1 1 1 1 1 1
                                                                                          1   1                                                           1
                                                                                              1                                                           1                                   1
                                                                                          1   1                                                           1
                                                                    1                         1                                                           1
                                                                                              1                             1                             1
                                                                    1                         1                           1 1 1                           1                   1
                                                                                              1                         1 1 1 1 1                         1                             1
                              1                                                               1                       1 1 1 1 1 1 1                       1
                                                                                              1                     1 1 1 1 1 1 1 1 1                     1                         1
                                                                                              1                         1 1 1 1 1                         1
                              1                                               1               1                       1 1 1 1 1 1 1                       1
                                          1                                           1       1                     1 1 1 1 1 1 1 1 1                     1                                 1
                                                                            1                 1                   1 1 1 1 1 1 1 1 1 1 1                   1
                                                                                              1                 1 1 1 1 1 1 1 1 1 1 1 1 1                 1                                     1
                                                  1                                           1                     1 1 1 1 1 1 1 1 1                     1
                                                                                1             1                   1 1 1 1 1 1 1 1 1 1 1                   1
                                                                                              1                 1 1 1 1 1 1 1 1 1 1 1 1 1                 1
              1                                                                               1               1 1 1 1 1 1 1 1 1 1 1 1 1 1 1               1
  1                                                                                           1             1 1 1 1 1 1 1 1 1 1 1 1 1 1 1 1 1             1           1                               1
                                        1                                                     1                 1 1 1 1 1 1 1 1 1 1 1 1 1                 1
                                      1                                                       1               1 1 1 1 1 1 1 1 1 1 1 1 1 1 1               1                             1               1
                                                                              1               1             1 1 1 1 1 1 1 1 1 1 1 1 1 1 1 1 1             1                           1
      1                                                 1                                     1           1 1 1 1 1 1 1 1 1 1 1 1 1 1 1 1 1 1 1           1
    1                                                                                         1         1 1 1 1 1 1 1 1 1 1 1 1 1 1 1 1 1 1 1 1 1         1
                                                                                              1                           1 1 1                           1
1                 1                                                                     1     1                           1 1 1                           1
                              1                                                               1                           1 1 1                           1
                                                                                              1                                                           1
                                                                                              1                                                           1
                                                                                              1                                                           1
                        1                                                   1                 1                                                           1
                1                                                                             1 1 1 1 1 1 1 1 1 1 1 1 1 1 1 1 1 1 1 1 1 1 1 1 1 1 1 1 1 1 1
    1


            1 1                           1                                                                                                                                             1

                                                                    1                                 1

                                                                                  1
                                                      1
                                        1                                                 1           1                         1         1                                                         1
                                                                                                                                      1       1


                1                                                                                                     1                         1                               1
                                                                                1                                                                                                     1
                    1                                                                   1

                                                    1                                                                                   1                                                 1

                                                                                                      1                                                                       1


                                          1                                     1
